2365911
61139839
102310807
124908345
163015282
195490578
195765171
198289072
200604960
203170501
205554786
209615475
225591157
226379132
227067488
233505226
234151383
248163512
248591633
251876813
257547746
257844130
259307304
272127687
273895237
274203062
281504740
281633322
284923825
291373177
295447104
306343541
313754625
313854227
317038171
318569077
319534275
321930491
323684876
324026222
326142154
330928538
332305455
334822867
340057144
341044218
345270320
349494262
350112682
350479927
355160586
357716850
357939480
358760519
359073368
360689751
368965757
371209903
377576663
378263536
379812850
383579665
383604453
384506274
384673682
386615667
387796982
388116626
397384436
400201768
400666516
404205198
404435892
404679593
407650394
408934393
409399983
410721254
410984687
411778592
419379213
426757168
429692104
431445496
432612669
438890319
439197806
439988902
441416837
443091491
444570873
445404151
447508964
449482660
458053944
460357157
460833401
460857057
461195831
462600183
463696093
464332515
467465082
467680805
467914637
470310413
471807383
472955466
473603087
474261022
475625158
476651314
479018788
480206167
480413647
480497926
481944087
485867725
486819317
487406226
488008683
488514877
489082058
489492864
489814627
491954339
503065957
504081668
507006404
509737717
510563290
510957930
511592682
512830584
514081592
518319014
518473834
521368510
521588467
522615367
523811871
524099458
524416661
527094846
527469934
527788114
528105179
528496964
528581370
529611900
532188329
532586596
536013339
536606403
538911887
539284275
540930399
542212994
542315595
542550004
542927982
543497967
544229515
544353281
544529763
545283945
545579663
545959724
548406079
550567989
550715222
551825340
552128433
552827785
556007848
558408830
559728358
560503739
560560388
561625839
562945325
563425117
564211053
564510858
564925132
566343804
566818524
566915521
569350480
569605393
573231635
573582650
573690528
574170405
575112076
575119747
575438045
576800228
576869042
578410260
579134540
580052011
581115100
581493441
582024827
582725341
583843979
584431372
586862715
588330226
589247841
589317328
590182658
591444291
592028884
592697054
592711113
593398616
594166936
594660243
595621117
598055877
598575520
603840733
604283441
605203929
606099184
609976045
612490879
613270959
613296830
615921300
617336501
617734472
618842969
619311292
620079342
622291568
624429347
627867881
628393930
631036243
633540793
634422583
634926324
637629870
637679673
638058151
638274056
640016012
640204880
641561839
642115411
642178863
642785266
642801140
642974671
642984371
643114392
645463650
